em_iforest = 0.00116639714244
em_lof = 0.00108232405715
em_ocsvm = 0.00121004233249
 
mv_iforest = 6.00351859007
mv_lof = 6.35457275606
mv_ocsvm = 5.55203757066
