em_iforest = 0.00105045513845
em_lof = 0.000870596853562
em_ocsvm = 0.00108170909482
 
mv_iforest = 9.08279506442
mv_lof = 10.6884954155
mv_ocsvm = 8.28828048947
