em_iforest = 8.44689214214e-05
em_lof = 5.59129368172e-05
em_ocsvm = 6.81922239983e-05
 
mv_iforest = 113.267947891
mv_lof = 147.965954876
mv_ocsvm = 123.660429829
