em_iforest = 0.00126650927788
em_lof = 0.00122638195404
em_ocsvm = 0.00141811101749
 
mv_iforest = 5.86051853643
mv_lof = 7.04658232662
mv_ocsvm = 5.5287447028
