em_iforest = 0.000841717384085
em_lof = 0.000939006138732
em_ocsvm = 0.000911153258431
 
mv_iforest = 7.94224308664
mv_lof = 9.24048092075
mv_ocsvm = 6.90722548026
