em_iforest = 0.000952749198021
em_lof = 0.000223900125062
em_ocsvm = 0.000490799437833
 
mv_iforest = 44.5381752754
mv_lof = 41129.4100274
mv_ocsvm = 1090.98666332
