em_iforest = 0.00118882269259
em_lof = 0.0023658384468
em_ocsvm = 0.0014234908166
 
mv_iforest = 14.1941324416
mv_lof = 2.07832351617
mv_ocsvm = 4.13760078409
