em_iforest = 0.00124847764519
em_lof = 0.000372652529881
em_ocsvm = 0.00081927400321
 
mv_iforest = 13.3438425183
mv_lof = 40.9809138671
mv_ocsvm = 9.98998872929
