em_iforest = 0.0511077774693
em_lof = 0.00649042314002
em_ocsvm = 0.00627252109409
 
mv_iforest = 0.36055204385
mv_lof = 58.2958392476
mv_ocsvm = 1.3533462472
