em_iforest = 9.78226665694e-05
em_lof = 0.00010273968749
em_ocsvm = 0.000123473461718
 
mv_iforest = 77.3807439508
mv_lof = 70.9249989265
mv_ocsvm = 54.7675149981
