em_iforest = 2.95726776311e-05
em_lof = 1.61871041999e-05
em_ocsvm = 5.19400274753e-05
 
mv_iforest = 5483.86235043
mv_lof = 1267524.10615
mv_ocsvm = 24.3823844485
