em_iforest = 0.0029650801457
em_lof = 0.0028998050279
em_ocsvm = 0.00290406793653
 
mv_iforest = 2.49786948989
mv_lof = 2.66886589761
mv_ocsvm = 2.72305331672
