em_iforest = 0.00146487762577
em_lof = 0.00153504142711
em_ocsvm = 0.00163668918276
 
mv_iforest = 4.96636424288
mv_lof = 4.65717297186
mv_ocsvm = 4.27074772422
