em_iforest = 5.30518852955e-05
em_lof = 2.81070622427e-05
em_ocsvm = 4.07102512245e-05
 
mv_iforest = 211.417875398
mv_lof = 297.727751283
mv_ocsvm = 234.418265566
