em_iforest = 0.0713044057436
em_lof = 0.00633911301907
em_ocsvm = 0.0211607094083
 
mv_iforest = 0.0692240446248
mv_lof = 45.6642605721
mv_ocsvm = 0.921533262383
