em_iforest = 0.000798614476449
em_lof = 0.00292879469657
em_ocsvm = 0.00164079918841
 
mv_iforest = 6.95465090912
mv_lof = 7.49400179121
mv_ocsvm = 3.83908622395
