em_iforest = 0.000215176067172
em_lof = 3.67746672938e-05
em_ocsvm = 0.000151216642863
 
mv_iforest = 34.9076659829
mv_lof = 27275.5338824
mv_ocsvm = 285.940867454
