em_iforest = 0.00416865063656
em_lof = 0.00138350006948
em_ocsvm = 0.00131877616454
 
mv_iforest = 10.3105941957
mv_lof = 32.0230103735
mv_ocsvm = 8.23975846805
