em_iforest = 0.00198736929168
em_lof = 0.00164058625794
em_ocsvm = 0.00201553268688
 
mv_iforest = 3.36164768659
mv_lof = 4.07482157362
mv_ocsvm = 3.33767730177
