em_iforest = 0.00388002883676
em_lof = 3.96056527799e-05
em_ocsvm = 0.00766123144367
 
mv_iforest = 1.59453784823
mv_lof = 73.6632888812
mv_ocsvm = 0.731693386326
