em_iforest = 0.000985344388149
em_lof = 0.000886395674839
em_ocsvm = 0.000995779363933
 
mv_iforest = 6.36552691099
mv_lof = 7.25250441961
mv_ocsvm = 6.32321898726
