em_iforest = 0.000306082118774
em_lof = 0.000512853348129
em_ocsvm = 0.000287560510775
 
mv_iforest = 23.6326228956
mv_lof = 15.2025318623
mv_ocsvm = 26.0979312436
em_iforest = 0.000333090458526
em_lof = 0.000551767077999
em_ocsvm = 0.000309179207554
 
mv_iforest = 23.4026934522
mv_lof = 15.0452218423
mv_ocsvm = 25.3625534813
