em_iforest = 0.000845257190241
em_lof = 0.000999529600764
em_ocsvm = 0.000904876071594
 
mv_iforest = 8.19530051131
mv_lof = 9.47898013231
mv_ocsvm = 7.13247941833
