em_iforest = 0.00092755289995
em_lof = 0.00122473664481
em_ocsvm = 0.00101871820315
 
mv_iforest = 7.2187036983
mv_lof = 8.38357524828
mv_ocsvm = 6.26300382238
