em_iforest = 0.000222130701935
em_lof = 6.98830165722e-05
em_ocsvm = 7.37239064807e-05
 
mv_iforest = 225.992663611
mv_lof = 2207.7779033
mv_ocsvm = 201.15170127
