em_iforest = 0.00123227959955
em_lof = 0.00119455464247
em_ocsvm = 0.001314405663
 
mv_iforest = 5.63732245307
mv_lof = 5.87328661384
mv_ocsvm = 5.18009513284
