em_iforest = 0.00149770035218
em_lof = 0.000383641626092
em_ocsvm = 0.000878801232553
 
mv_iforest = 16.4697160617
mv_lof = 59.7584669811
mv_ocsvm = 10.8836967645
