em_iforest = 0.00753270781126
em_lof = 0.0215643491096
em_ocsvm = 0.00294181498945
 
mv_iforest = 3.951017177
mv_lof = 16.2419908738
mv_ocsvm = 4.68689621158
