em_iforest = 0.000201490339268
em_lof = 6.28778344479e-05
em_ocsvm = 6.3103059232e-05
 
mv_iforest = 259.767549171
mv_lof = 1509.62541559
mv_ocsvm = 220.489896476
