em_iforest = 0.000788558328223
em_lof = 0.000402080979373
em_ocsvm = 0.000759998463514
 
mv_iforest = 13.150940211
mv_lof = 18.8846998842
mv_ocsvm = 10.4045273557
