em_iforest = 3.55793157697e-05
em_lof = 0.000410482651503
em_ocsvm = 5.1568703039e-05
 
mv_iforest = 220.315563365
mv_lof = 35.1476156527
mv_ocsvm = 127.701737265
