em_iforest = 0.00273252772736
em_lof = 0.00261423431475
em_ocsvm = 0.0027145264592
 
mv_iforest = 2.73897452523
mv_lof = 2.86642326459
mv_ocsvm = 2.93247043701
