em_iforest = 0.00159399787894
em_lof = 0.00163231762421
em_ocsvm = 0.00179372953324
 
mv_iforest = 3.92450187637
mv_lof = 3.73361355966
mv_ocsvm = 3.4259629433
