em_iforest = 0.00464227556292
em_lof = 3.96150659186e-05
em_ocsvm = 0.0076934483364
 
mv_iforest = 1.44982986337
mv_lof = 72.5147993761
mv_ocsvm = 0.727897442106
