em_iforest = 6.94892303267e-05
em_lof = 1.60366603565e-05
em_ocsvm = 4.14685577595e-05
 
mv_iforest = 771.350251954
mv_lof = 4075.47627478
mv_ocsvm = 308.652003186
