em_iforest = 0.00501123206869
em_lof = 0.00176169764819
em_ocsvm = 0.00140764825035
 
mv_iforest = 4.88671192125
mv_lof = 14.1833343002
mv_ocsvm = 5.36025788974
