em_iforest = 0.000834925600127
em_lof = 0.00112764479182
em_ocsvm = 0.000918328653367
 
mv_iforest = 6.33079006192
mv_lof = 9.15089706333
mv_ocsvm = 5.744513754
