em_iforest = 0.00299599722661
em_lof = 0.00182562612338
em_ocsvm = 0.00182396562184
 
mv_iforest = 7.92269151939
mv_lof = 10.6162921064
mv_ocsvm = 8.02229035246
