em_iforest = 0.000397915248782
em_lof = 0.000145695793892
em_ocsvm = 0.000341225731328
 
mv_iforest = 19.1744398966
mv_lof = 15976.5341847
mv_ocsvm = 55.4257681561
