em_iforest = 9.56601383575e-05
em_lof = 9.99249074192e-05
em_ocsvm = 0.000125380550177
 
mv_iforest = 74.8632878956
mv_lof = 69.5602821853
mv_ocsvm = 54.4953274647
