em_iforest = 7.36537578778e-05
em_lof = 6.93795177662e-05
em_ocsvm = 8.71835876117e-05
 
mv_iforest = 92.9652643268
mv_lof = 104.747489501
mv_ocsvm = 76.8041953278
