em_iforest = 0.00156585661175
em_lof = 0.0012643631872
em_ocsvm = 0.00155237966019
 
mv_iforest = 4.24187313879
mv_lof = 5.18227312258
mv_ocsvm = 4.27828764876
