em_iforest = 0.0029423690744
em_lof = 0.00276135003107
em_ocsvm = 0.00284387918289
 
mv_iforest = 2.69332171278
mv_lof = 2.8330857369
mv_ocsvm = 2.85529322555
