em_iforest = 0.021126027228
em_lof = 0.00663835137219
em_ocsvm = 0.00607976267183
 
mv_iforest = 2.49904582942
mv_lof = 93.4093527939
mv_ocsvm = 3.45494082286
