em_iforest = 3.61171406412e-05
em_lof = 0.000236642606002
em_ocsvm = 4.64621983333e-05
 
mv_iforest = 231.114615343
mv_lof = 47.4311625535
mv_ocsvm = 146.898241687
