em_iforest = 0.00404042452582
em_lof = 0.00820505197863
em_ocsvm = 0.0026101786423
 
mv_iforest = 53.353306911
mv_lof = 5479.99826299
mv_ocsvm = 1.92188579956
em_iforest = 0.00404042452582
em_lof = 0.00820505197863
em_ocsvm = 0.0026101786423
 
mv_iforest = 53.353306911
mv_lof = 5479.99826299
mv_ocsvm = 1.92188579956
em_iforest = 0.0030561306595
em_lof = 0.0133275402398
em_ocsvm = 0.00248426374955
 
mv_iforest = 34.1467759374
mv_lof = 8542.30429382
mv_ocsvm = 2.16773796376
