em_iforest = 8.75337279078e-07
em_lof = 8.95186637106e-08
em_ocsvm = 5.24519710657e-06
 
mv_iforest = 121067.737764
mv_lof = 5992394.72283
mv_ocsvm = 244.648479229
