em_iforest = 3.45442423833e-05
em_lof = 0.000295556412039
em_ocsvm = 4.74918716234e-05
 
mv_iforest = 229.879177686
mv_lof = 85.16320845
mv_ocsvm = 141.943266676
em_iforest = 3.93116476228e-05
em_lof = 0.00025918538862
em_ocsvm = 5.00502886266e-05
 
mv_iforest = 211.276885229
mv_lof = 38.9698401643
mv_ocsvm = 135.193627867
