em_iforest = 3.53025511265e-05
em_lof = 0.000235084998141
em_ocsvm = 4.49710485498e-05
 
mv_iforest = 238.540336472
mv_lof = 53.9152843943
mv_ocsvm = 151.218293409
