em_iforest = 5.74396547788
em_lof = 0.0155706814444
em_ocsvm = 0.971426873929
 
mv_iforest = 0.0321729851086
mv_lof = 0.479319041418
mv_ocsvm = 0.0439232307717
