em_iforest = 5.35008009451e-05
em_lof = 9.31623993235e-06
em_ocsvm = 3.26300179116e-05
 
mv_iforest = 757.241913653
mv_lof = 7961.40250376
mv_ocsvm = 331.56705026
