em_iforest = 0.0222587340536
em_lof = 0.00716838201875
em_ocsvm = 0.00795603687208
 
mv_iforest = 2.39671111169
mv_lof = 101.582098718
mv_ocsvm = 3.97714694364
