em_iforest = 0.000146852443036
em_lof = 3.2379182119e-05
em_ocsvm = 0.000123640692539
 
mv_iforest = 14.6986822157
mv_lof = 45413.756289
mv_ocsvm = 109.61646841
