em_iforest = 7.63612861367e-05
em_lof = 7.45760755035e-05
em_ocsvm = 8.61981739517e-05
 
mv_iforest = 91.730992674
mv_lof = 99.6681737938
mv_ocsvm = 75.522643655
