em_iforest = 0.00163953389564
em_lof = 0.00216502209196
em_ocsvm = 0.00145340364698
 
mv_iforest = 13.6855093717
mv_lof = 2.30361143199
mv_ocsvm = 4.1103947728
