em_iforest = 0.000161996840028
em_lof = 8.31934087331e-05
em_ocsvm = 0.00011280321419
 
mv_iforest = 94.4779582786
mv_lof = 155.139252591
mv_ocsvm = 103.013816256
