em_iforest = 0.000312349477096
em_lof = 0.000455192261816
em_ocsvm = 0.000297445632429
 
mv_iforest = 23.4664133589
mv_lof = 15.6205420937
mv_ocsvm = 25.6426273502
