em_iforest = 0.000268764251766
em_lof = 8.76972186184e-05
em_ocsvm = 0.000111029029059
 
mv_iforest = 64.9186701767
mv_lof = 109.09273607
mv_ocsvm = 80.3473027115
