em_iforest = 2.36679351644
em_lof = 0.0143720086256
em_ocsvm = 1.13180216078
 
mv_iforest = 0.09959579025
mv_lof = 0.487056093441
mv_ocsvm = 0.0584894919844
