em_iforest = 0.0773696260692
em_lof = 0.0177956013403
em_ocsvm = 0.00928664776806
 
mv_iforest = 1.91302569804
mv_lof = 62.3818619555
mv_ocsvm = 2.86783564834
