em_iforest = 7.10592205593e-07
em_lof = 7.14575306465e-07
em_ocsvm = 5.76178342279e-06
 
mv_iforest = 119900.925528
mv_lof = 16193741.4331
mv_ocsvm = 165.635810724
