em_iforest = 0.00356682114258
em_lof = 0.0158420924862
em_ocsvm = 0.00249452916181
 
mv_iforest = 60.8759281268
mv_lof = 4513.17292018
mv_ocsvm = 1.96504774718
