em_iforest = 0.00026807912535
em_lof = 0.000449924120002
em_ocsvm = 0.000259535846744
 
mv_iforest = 25.4900366292
mv_lof = 15.6274836142
mv_ocsvm = 27.5423791485
