em_iforest = 0.000283899409625
em_lof = 0.000467101145814
em_ocsvm = 0.000266089340778
 
mv_iforest = 25.5866237267
mv_lof = 16.8570699972
mv_ocsvm = 27.1299314257
