em_iforest = 3.18949284992e-05
em_lof = 0.000238952329798
em_ocsvm = 4.42458969522e-05
 
mv_iforest = 227.964308983
mv_lof = 46.0651020026
mv_ocsvm = 142.244335464
