em_iforest = 1.81790812415e-05
em_lof = 7.91304363753e-06
em_ocsvm = 3.24688602376e-05
 
mv_iforest = 5660.63889849
mv_lof = 2037711.73942
mv_ocsvm = 20.2625485438
