em_iforest = 0.00077472505308
em_lof = 0.000417230144484
em_ocsvm = 0.000819774328194
 
mv_iforest = 19.3535392276
mv_lof = 19.8234497986
mv_ocsvm = 11.0010011841
