em_iforest = 0.00104735671868
em_lof = 0.00102072051319
em_ocsvm = 0.00102675206941
 
mv_iforest = 5.89210107089
mv_lof = 6.61231407677
mv_ocsvm = 5.95483761044
