em_iforest = 3.85445138076e-05
em_lof = 0.000347175580908
em_ocsvm = 5.1881972265e-05
 
mv_iforest = 197.027942098
mv_lof = 39.3095965297
mv_ocsvm = 123.909756318
